%//RD(t+1)=P(t+1)+D(t+1)/P(t)
%//RNoD(t+1)=P(t+1)/P(t)
%permno    date     with_dividend  without_dividend
aggreturn=[ 
   12079    19260130      0.000724     -0.001161
   12079    19260227     -0.033374     -0.036806
   12079    19260331     -0.064341     -0.070468
   12079    19260430      0.038358      0.035328
   12079    19260528      0.012172      0.008716
   12079    19260630      0.056888      0.049479
   12079    19260731      0.028365      0.026185
   12079    19260831      0.028065      0.024830
   12079    19260930      0.005890      0.000218
   12079    19261030     -0.031066     -0.033143
   12079    19261130      0.027547      0.022059
   12079    19261231      0.030466      0.022770
   12079    19270131      0.001449     -0.000942
   12079    19270228      0.045821      0.041775
   12079    19270331      0.006245      0.000311
   12079    19270430      0.006638      0.004528
   12079    19270531      0.056948      0.052841
   12079    19270630     -0.020372     -0.026626
   12079    19270730      0.075659      0.073223
   12079    19270831      0.027050      0.023124
   12079    19270930      0.049025      0.044177
   12079    19271031     -0.041894     -0.043751
   12079    19271130      0.068685      0.063600
   12079    19271231      0.023658      0.018149
   12079    19280131     -0.003541     -0.005322
   12079    19280229     -0.014416     -0.017966
   12079    19280331      0.090905      0.086080
   12079    19280430      0.043168      0.041385
   12079    19280531      0.018386      0.014667
   12079    19280630     -0.045334     -0.050307
   12079    19280731      0.010074      0.008270
   12079    19280831      0.069607      0.065665
   12079    19280929      0.031445      0.028050
   12079    19281031      0.018801      0.017213
   12079    19281130      0.121287      0.116179
   12079    19281231      0.005262      0.001117
   12079    19290131      0.052099      0.050494
   12079    19290228     -0.000190     -0.003127
   12079    19290328     -0.007971     -0.011933
   12079    19290430      0.016786      0.015404
   12079    19290531     -0.059109     -0.063148
   12079    19290629      0.099650      0.096170
   12079    19290731      0.045348      0.043553
   12079    19290830      0.085580      0.082229
   12079    19290930     -0.050009     -0.052779
   12079    19291031     -0.195499     -0.197314
   12079    19291127     -0.123267     -0.127451
   12079    19291231      0.017974      0.012422
   12079    19300131      0.056640      0.053955
   12079    19300228      0.027701      0.023822
   12079    19300331      0.075027      0.070946
   12079    19300430     -0.020885     -0.022755
   12079    19300529     -0.013252     -0.016919
   12079    19300630     -0.157873     -0.162170
   12079    19300731      0.039659      0.037286
   12079    19300829      0.004120     -0.000171
   12079    19300930     -0.124009     -0.128653
   12079    19301031     -0.086989     -0.089598
   12079    19301129     -0.025990     -0.029913
   12079    19301231     -0.078419     -0.085062
   12079    19310131      0.062534      0.059680
   12079    19310228      0.109401      0.104535
   12079    19310331     -0.064041     -0.069077
   12079    19310430     -0.098484     -0.100775
   12079    19310529     -0.132915     -0.137460
   12079    19310630      0.137961      0.130967
   12079    19310731     -0.065034     -0.067707
   12079    19310831      0.002348     -0.002226
   12079    19310930     -0.290070     -0.295174
   12079    19311031      0.079160      0.075603
   12079    19311130     -0.088776     -0.095251
   12079    19311231     -0.133406     -0.141656
   12079    19320130     -0.010780     -0.013512
   12079    19320229      0.056004      0.049014
   12079    19320331     -0.108741     -0.115835
   12079    19320430     -0.179220     -0.182019
   12079    19320531     -0.207520     -0.214110
   12079    19320630     -0.005089     -0.016135
   12079    19320730      0.337451      0.334830
   12079    19320831      0.366025      0.360041
   12079    19320930     -0.030885     -0.036643
   12079    19321031     -0.131180     -0.132751
   12079    19321130     -0.055696     -0.060896
   12079    19321231      0.045762      0.037060
   12079    19330131      0.009781      0.007743
   12079    19330228     -0.150298     -0.155090
   12079    19330331      0.033990      0.026213
   12079    19330429      0.383683      0.381548
   12079    19330531      0.211855      0.208360
   12079    19330630      0.134354      0.129909
   12079    19330731     -0.096081     -0.097071
   12079    19330831      0.121270      0.118894
   12079    19330930     -0.104652     -0.108613
   12079    19331031     -0.083225     -0.084695
   12079    19331129      0.099908      0.094861
   12079    19331230      0.019984      0.015694
   12079    19340131      0.129779      0.127847
   12079    19340228     -0.023275     -0.026594
   12079    19340331      0.004782      0.000632
   12079    19340430     -0.017934     -0.019492
   12079    19340531     -0.070987     -0.073980
   12079    19340630      0.025152      0.020762
   12079    19340731     -0.108241     -0.110151
   12079    19340831      0.059615      0.054390
   12079    19340929     -0.002997     -0.007255
   12079    19341031     -0.019316     -0.020984
   12079    19341130      0.084073      0.079350
   12079    19341231      0.003899     -0.001351
   12079    19350131     -0.032808     -0.034825
   12079    19350228     -0.018599     -0.022784
   12079    19350330     -0.037041     -0.042018
   12079    19350430      0.089162      0.087403
   12079    19350531      0.034776      0.030980
   12079    19350629      0.055268      0.050640
   12079    19350731      0.073647      0.071890
   12079    19350831      0.026128      0.022409
   12079    19350930      0.025872      0.021626
   12079    19351031      0.071339      0.069624
   12079    19351130      0.051857      0.046764
   12079    19351231      0.046096      0.041730
   12079    19360131      0.066080      0.064090
   12079    19360229      0.025699      0.022586
   12079    19360331      0.009417      0.006109
   12079    19360430     -0.080497     -0.081747
   12079    19360529      0.050286      0.045787
   12079    19360630      0.025993      0.022143
   12079    19360731      0.064638      0.062850
   12079    19360831      0.010813      0.006516
   12079    19360930      0.014343      0.010473
   12079    19361031      0.069087      0.067428
   12079    19361130      0.033293      0.024442
   12079    19361231      0.002066     -0.004027
   12079    19370130      0.032524      0.031013
   12079    19370227      0.013041      0.010167
   12079    19370331     -0.003535     -0.007023
   12079    19370430     -0.074236     -0.075487
   12079    19370528     -0.008563     -0.013376
   12079    19370630     -0.041592     -0.046077
   12079    19370731      0.088881      0.087174
   12079    19370831     -0.048620     -0.052990
   12079    19370930     -0.135401     -0.139989
   12079    19371030     -0.094675     -0.096354
   12079    19371130     -0.083731     -0.095740
   12079    19371231     -0.040104     -0.049011
   12079    19380131      0.007625      0.005834
   12079    19380228      0.057866      0.053808
   12079    19380331     -0.237131     -0.241790
   12079    19380430      0.145642      0.143593
   12079    19380531     -0.039230     -0.043810
   12079    19380630      0.236062      0.230689
   12079    19380730      0.071869      0.070276
   12079    19380831     -0.027202     -0.030563
   12079    19380930      0.008559      0.004671
   12079    19381031      0.077848      0.076284
   12079    19381130     -0.018317     -0.023292
   12079    19381231      0.041013      0.035615
   12079    19390131     -0.059613     -0.060955
