bp=[ 29890    20060103    66.4200     0.034257
 29890    20060104    66.8500     0.006474
 29890    20060105    66.5000    -0.005236
 29890    20060106    68.0000     0.022556
 29890    20060109    68.1100     0.001618
 29890    20060110    68.1800     0.001028
 29890    20060111    67.9000    -0.004107
 29890    20060112    67.9500     0.000736
 29890    20060113    69.7200     0.026049
 29890    20060117    70.4100     0.009897
 29890    20060118    69.4800    -0.013208
 29890    20060119    70.2900     0.011658
 29890    20060120    70.1800    -0.001565
 29890    20060123    70.7500     0.008122
 29890    20060124    70.5400    -0.002968
 29890    20060125    70.1300    -0.005812
 29890    20060126    70.0400    -0.001283
 29890    20060127    71.0100     0.013849
 29890    20060130    72.2700     0.017744
 29890    20060131    72.3100     0.000553
 29890    20060201    71.1200    -0.016457
 29890    20060202    69.6100    -0.021232
 29890    20060203    69.1400    -0.006752
 29890    20060206    69.9700     0.012005
 29890    20060207    67.5000    -0.035301
 29890    20060208    67.2000    -0.004444
 29890    20060209    67.2600     0.000893
 29890    20060210    67.3800     0.001784
 29890    20060213    67.3000    -0.001187
 29890    20060214    67.0900    -0.003120
 29890    20060215    67.2000     0.001640
 29890    20060216    68.4100     0.018006
 29890    20060217    68.5100     0.001462
 29890    20060221    69.2000     0.010071
 29890    20060222    67.8100    -0.011958
 29890    20060223    67.4000    -0.006046
 29890    20060224    67.6000     0.002967
 29890    20060227    67.0000    -0.008876
 29890    20060228    66.4200    -0.008657
 29890    20060301    67.1800     0.011442
 29890    20060302    66.9100    -0.004019
 29890    20060303    67.1500     0.003587
 29890    20060306    66.2200    -0.013850
 29890    20060307    66.0200    -0.003020
 29890    20060308    66.1200     0.001515
 29890    20060309    66.0100    -0.001664
 29890    20060310    66.4200     0.006211
 29890    20060313    67.5900     0.017615
 29890    20060314    68.5300     0.013907
 29890    20060315    69.9200     0.020283
 29890    20060316    69.9000    -0.000286
 29890    20060317    69.5300    -0.005293
 29890    20060320    68.7500    -0.011218
 29890    20060321    68.2500    -0.007273
 29890    20060322    68.6700     0.006154
 29890    20060323    68.5000    -0.002476
 29890    20060324    69.4800     0.014307
 29890    20060327    69.5300     0.000720
 29890    20060328    68.9500    -0.008342
 29890    20060329    69.7800     0.012038
 29890    20060330    69.7700    -0.000143
 29890    20060331    68.9400    -0.011896
 29890    20060403    69.6800     0.010734
 29890    20060404    70.3000     0.008898
 29890    20060405    71.0400     0.010526
 29890    20060406    70.5500    -0.006897
 29890    20060407    70.9100     0.005103
 29890    20060410    72.3200     0.019884
 29890    20060411    72.3900     0.000968
 29890    20060412    72.2600    -0.001796
 29890    20060413    72.2100    -0.000692
 29890    20060417    72.9500     0.010248
 29890    20060418    75.0800     0.029198
 29890    20060419    75.7700     0.009190
 29890    20060420    74.9100    -0.011350
 29890    20060421    76.3000     0.018556
 29890    20060424    75.8200    -0.006291
 29890    20060425    74.8800    -0.012398
 29890    20060426    73.7400    -0.015224
 29890    20060427    73.7100    -0.000407
 29890    20060428    73.7200     0.000136
 29890    20060501    74.4000     0.009224
 29890    20060502    76.3000     0.025538
 29890    20060503    75.0500    -0.016383
 29890    20060504    75.2600     0.002798
 29890    20060505    76.4700     0.016078
 29890    20060508    75.6200    -0.011115
 29890    20060509    76.2700     0.008596
 29890    20060510    76.3400     0.008293
 29890    20060511    75.5200    -0.010741
 29890    20060512    74.6400    -0.011653
 29890    20060515    73.4500    -0.015943
 29890    20060516    72.8300    -0.008441
 29890    20060517    70.4300    -0.032953
 29890    20060518    69.8500    -0.008235
 29890    20060519    70.8300     0.014030
 29890    20060522    70.1900    -0.009036
 29890    20060523    70.7500     0.007978
 29890    20060524    69.5400    -0.017102
 29890    20060525    71.6200     0.029911
 29890    20060526    71.6200     0.000000
 29890    20060530    70.1600    -0.020385
 29890    20060531    70.7000     0.007697
 29890    20060601    71.0800     0.005375
 29890    20060602    71.9000     0.011536
 29890    20060605    70.8200    -0.015021
 29890    20060606    70.0600    -0.010731
 29890    20060607    68.5400    -0.021696
 29890    20060608    68.1800    -0.005252
 29890    20060609    67.4800    -0.010267
 29890    20060612    66.4700    -0.014967
 29890    20060613    64.6700    -0.027080
 29890    20060614    65.1800     0.007886
 29890    20060615    67.0700     0.028997
 29890    20060616    66.7000    -0.005517
 29890    20060619    65.3300    -0.020540
 29890    20060620    65.7000     0.005663
 29890    20060621    67.0100     0.019939
 29890    20060622    66.3900    -0.009252
 29890    20060623    67.0300     0.009640
 29890    20060626    67.4700     0.006564
 29890    20060627    66.9600    -0.007559
 29890    20060628    67.9700     0.015084
 29890    20060629    69.2500     0.018832
 29890    20060630    69.6100     0.005199
 29890    20060703    70.3600     0.010774
 29890    20060705    70.0200    -0.004832
 29890    20060706    70.2100     0.002714
 29890    20060707    71.1500     0.013388
 29890    20060710    70.9000    -0.003514
 29890    20060711    71.3700     0.006629
 29890    20060712    70.3500    -0.014292
 29890    20060713    70.9800     0.008955
 29890    20060714    71.3700     0.005494
 29890    20060717    69.5800    -0.025081
 29890    20060718    69.5000    -0.001150
 29890    20060719    69.6800     0.002590
 29890    20060720    68.6000    -0.015499
 29890    20060721    68.1900    -0.005977
 29890    20060724    69.7400     0.022731
 29890    20060725    69.5100    -0.003298
 29890    20060726    70.8000     0.018558
 29890    20060727    71.7700     0.013700
 29890    20060728    72.3800     0.008499
 29890    20060731    72.5200     0.001934
 29890    20060801    72.5000    -0.000276
 29890    20060802    72.7800     0.003862
 29890    20060803    72.0000    -0.010717
 29890    20060804    72.5400     0.007500
 29890    20060807    70.4500    -0.028812
 29890    20060808    70.1400    -0.004400
 29890    20060809    70.2600     0.010116
 29890    20060810    69.7600    -0.007116
 29890    20060811    69.3200    -0.006307
 29890    20060814    69.3000    -0.000288
 29890    20060815    69.8400     0.007792
 29890    20060816    68.5300    -0.018757
 29890    20060817    69.0400     0.007442
 29890    20060818    69.9700     0.013470
 29890    20060821    70.2200     0.003573
 29890    20060822    69.8500    -0.005269
 29890    20060823    69.1200    -0.010451
 29890    20060824    68.9300    -0.002749
 29890    20060825    68.3100    -0.008995
 29890    20060828    68.3000    -0.000146
 29890    20060829    67.3000    -0.014641
 29890    20060830    67.8200     0.007727
 29890    20060831    68.0500     0.003391
 29890    20060901    68.0000    -0.000735
 29890    20060905    68.6000     0.008824
 29890    20060906    66.9300    -0.024344
 29890    20060907    65.7600    -0.017481
 29890    20060908    65.8200     0.000912
 29890    20060911    64.8900    -0.014129
 29890    20060912    65.2600     0.005702
 29890    20060913    66.6500     0.021299
 29890    20060914    65.8500    -0.012003
 29890    20060915    64.8600    -0.015034
 29890    20060918    65.5500     0.010638
 29890    20060919    65.2000    -0.005340
 29890    20060920    65.0000    -0.003067
