vlcm=[90747    20060103    34.1000     0.00265
 90747    20060104    33.0000    -0.03226
 90747    20060105    34.5200     0.04606
 90747    20060106    34.1300    -0.01130
 90747    20060109    35.3900     0.03692
 90747    20060110    35.4800     0.00254
 90747    20060111    35.1780    -0.00851
 90747    20060112    37.2600     0.05918
 90747    20060113    37.2000    -0.00161
 90747    20060117    38.3001     0.02957
 90747    20060118    38.8400     0.01410
 90747    20060119    39.1400     0.00772
 90747    20060120    38.3100    -0.02121
 90747    20060123    37.8000    -0.01331
 90747    20060124    38.7700     0.02566
 90747    20060125    38.6800    -0.00232
 90747    20060126    38.6110    -0.00178
 90747    20060127    38.7300     0.00308
 90747    20060130    38.6600    -0.00181
 90747    20060131    37.9400    -0.01862
 90747    20060201    38.9900     0.02768
 90747    20060202    39.1400     0.00385
 90747    20060203    39.0800    -0.00153
 90747    20060206    39.2200     0.00358
 90747    20060207    38.8800    -0.00867
 90747    20060208    38.9300     0.00129
 90747    20060209    39.8500     0.02363
 90747    20060210    40.0000     0.00376
 90747    20060213    40.7100     0.01775
 90747    20060214    40.1500    -0.01376
 90747    20060215    33.1900    -0.17335
 90747    20060216    32.4500    -0.02230
 90747    20060217    31.8000    -0.02003
 90747    20060221    32.0300     0.00723
 90747    20060222    32.5700     0.01686
 90747    20060223    32.6000     0.00092
 90747    20060224    32.4900    -0.00337
 90747    20060227    33.2500     0.02339
 90747    20060228    34.2400     0.02977
 90747    20060301    34.6500     0.01197
 90747    20060302    34.6800     0.00087
 90747    20060303    34.5400    -0.00404
 90747    20060306    34.1900    -0.01013
 90747    20060307    33.1000    -0.03188
 90747    20060308    33.2000     0.00302
 90747    20060309    33.0300    -0.00512
 90747    20060310    32.6900    -0.01029
 90747    20060313    32.1000    -0.01805
 90747    20060314    32.1800     0.00249
 90747    20060315    32.8300     0.02020
 90747    20060316    33.7000     0.02650
 90747    20060317    33.5300    -0.00504
 90747    20060320    33.2500    -0.00835
 90747    20060321    32.8300    -0.01263
 90747    20060322    32.2300    -0.01828
 90747    20060323    33.8000     0.04871
 90747    20060324    35.1000     0.03846
 90747    20060327    35.6300     0.01510
 90747    20060328    34.2600    -0.03845
 90747    20060329    34.5900     0.00963
 90747    20060330    34.9500     0.01041
 90747    20060331    35.5300     0.01660
 90747    20060403    35.4600    -0.00197
 90747    20060404    34.2600    -0.03384
 90747    20060405    34.5600     0.00876
 90747    20060406    34.4900    -0.00203
 90747    20060407    33.7900    -0.02030
 90747    20060410    34.3100     0.01539
 90747    20060411    34.2100    -0.00291
 90747    20060412    34.0000    -0.00614
 90747    20060413    34.6400     0.01882
 90747    20060417    33.5100    -0.03262
 90747    20060418    33.9000     0.01164
 90747    20060419    34.6400     0.02183
 90747    20060420    35.2200     0.01674
 90747    20060421    35.0300    -0.00539
 90747    20060424    35.4000     0.01056
 90747    20060425    35.1400    -0.00734
 90747    20060426    36.2000     0.03017
 90747    20060427    36.1500    -0.00138
 90747    20060428    35.6700    -0.01328
 90747    20060501    36.2500     0.01626
 90747    20060502    37.4500     0.03310
 90747    20060503    37.7800     0.00881
 90747    20060504    37.4000    -0.01006
 90747    20060505    37.0100    -0.01043
 90747    20060508    37.6600     0.01756
 90747    20060509    37.0300    -0.01673
 90747    20060510    37.2200     0.00513
 90747    20060511    36.3900    -0.02230
 90747    20060512    36.6300     0.00660
 90747    20060515    35.2900    -0.03658
 90747    20060516    35.1900    -0.00283
 90747    20060517    35.5600     0.01051
 90747    20060518    35.5800     0.00056
 90747    20060519    35.0000    -0.01630
 90747    20060522    34.6100    -0.01114
 90747    20060523    33.8100    -0.02311
 90747    20060524    33.2100    -0.01775
 90747    20060525    34.2100     0.03011
 90747    20060526    34.0600    -0.00438
 90747    20060530    32.3100    -0.05138
 90747    20060531    32.0700    -0.00743
 90747    20060601    33.6600     0.04958
 90747    20060602    33.6800     0.00059
 90747    20060605    32.1000    -0.04691
 90747    20060606    31.6700    -0.01340
 90747    20060607    30.3700    -0.04105
 90747    20060608    29.6700    -0.02305
 90747    20060609    30.2800     0.02056
 90747    20060612    29.8100    -0.01552
 90747    20060613    30.0000     0.00637
 90747    20060614    29.9700    -0.00100
 90747    20060615    29.8100    -0.00534
 90747    20060616    29.9200     0.00369
 90747    20060619    29.9000    -0.00067
 90747    20060620    29.2600    -0.02140
 90747    20060621    29.8500     0.02016
 90747    20060622    29.6800    -0.00570
 90747    20060623    29.0700    -0.02055
 90747    20060626    28.5100    -0.01926
 90747    20060627    27.1300    -0.04840
 90747    20060628    28.6100     0.05455
 90747    20060629    31.0600     0.08563
 90747    20060630    31.9900     0.02994
 90747    20060703    32.1600     0.00531
 90747    20060705    31.4100    -0.02332
 90747    20060706    29.5500    -0.05922
 90747    20060707    29.1500    -0.01354
 90747    20060710    28.4600    -0.02367
 90747    20060711    28.6000     0.00492
 90747    20060712    28.1200    -0.01678
 90747    20060713    28.0800    -0.00142
 90747    20060714    27.2500    -0.02956
 90747    20060717    26.6400    -0.02239
 90747    20060718    27.0000     0.01351
 90747    20060719    28.1900     0.04407
 90747    20060720    28.2100     0.00071
 90747    20060721    27.2600    -0.03368
 90747    20060724    28.4800     0.04475
 90747    20060725    29.5200     0.03652
 90747    20060726    28.5300    -0.03354
 90747    20060727    28.4000    -0.00456
 90747    20060728    20.0400    -0.29437
 90747    20060731    20.1300     0.00449
 90747    20060801    18.9600    -0.05812
 90747    20060802    19.0600     0.00527
 90747    20060803    18.8600    -0.01049
 90747    20060804    18.5200    -0.01803
 90747    20060807    19.1800     0.03564
 90747    20060808    19.4200     0.01251
 90747    20060809    19.0800    -0.01751
 90747    20060810    19.3700     0.01520
 90747    20060811    19.1800    -0.00981
 90747    20060814    19.1200    -0.00313
 90747    20060815    19.6100     0.02563
 90747    20060816    20.0000     0.01989
 90747    20060817    20.2000     0.01000
 90747    20060818    21.2800     0.05347
 90747    20060821    20.2300    -0.04934
 90747    20060822    20.2100    -0.00099
 90747    20060823    20.2400     0.00148
 90747    20060824    20.8800     0.03162
 90747    20060825    21.0700     0.00910
 90747    20060828    21.9900     0.04366
 90747    20060829    22.1100     0.00546
 90747    20060830    22.5300     0.01900
 90747    20060831    23.3900     0.03817
 90747    20060901    23.7000     0.01325
 90747    20060905    23.5800    -0.00506
 90747    20060906    23.1100    -0.01993
 90747    20060907    22.4000    -0.03072
 90747    20060908    22.8100     0.01830
 90747    20060911    23.2400     0.01885
 90747    20060912    24.8700     0.07014
 90747    20060913    24.4900    -0.01528
 90747    20060914    23.8400    -0.02654
 90747    20060915    24.6100     0.03230
 90747    20060918    23.9900    -0.02519
 90747    20060919    23.7900    -0.00834
 90747    20060920    24.6100     0.03447
 90747    20060921    24.5500    -0.00244
 90747    20060922    24.9900     0.01792
 90747    20060925    24.5700    -0.01681
 90747    20060926    24.2900    -0.01140
