%prices taken on Oct 3, 2008
%assuming that for all bonds below the Oct 2008 coupon payment has alread
%been paid out on Oct 1, 2008
maturity=[
    2009+4/12 
    2009+4/12 
    2009+10/12
    2009+10/12
    2010+4/12
    2010+4/12
    2010+10/12
    2011+4/12
    2011+10/12
    2012+4/12
    2012+10/12
    2013+4/12
    2013+9/12
    2014+2/12
    2014+8/12
    2015+2/12
    2015+2/12
    2015+8/12
    2015+8/12
    
    2016+2/12
    2016+2/12
    2016+8/12
    2017+2/12
    2017+8/17
    2017+8/17
    2018+2/12
    2018+8/12
    2019+2/12
    2019+8/12
    2020+2/12
    2020+8/12
    2021+2/12
    2021+8/12
    2022+8/12
    2023+2/12
    2023+8/12
    2025+8/12
    2027+8/12
    2029+8/12
    ];
coupon=[
    3+1/8
    4+1/2
    3+3/8
    3+5/8
    4
    2+1/8
    4+1/4
    4+7/8
    4+5/8
    4+1/2
    3+7/8
    3+1/8
    3+1/8
    4
    4+1/4
    11+1/4
    4
    10+5/8
    4+1/4   
    9+1/4
    4+1/2
    4+7/8
    4+5/8
    8+7/8
    4+3/4
    3+1/2
    4
    8+7/8
    8+1/8
    8+1/2
    8+3/4
    7+7/8
    8+1/8
    7+1/4
    7+1/8
    6+1/4
    6+7/8
    6+3/8
    6+1/8
    ];
price=[
    100+33.5/36 
    101+25.5/36
    101+25/36
    102+4/36
    103+24/36
    100+29/36
    105+8/36
    107+25/36
    107+20/36
    107+17/36
    105+24/36
    102+1/36
    101+25/36
    106+10/36
    107+24/36
    146+4/36
    106+13/36
    144+33/36
    107+10/36 
    138+2/36
    107+23/36
    109+5/36
    107+13/36
    138+8/36
    108+12/36
    99+15/36
    102+23.5/36
    141+23/36
    136+29/36
    140+27/36
    144+2/36
    136+27/36
    139+11/36
    131+33.5/36
    131+7/36
    122+8.5/36  
    131+13/36
    127+2/36
    125+17/36
    ];