%  Average Value Weighted Returns -- Monthly
%               Small                 Big         
%          Low     2    High    Low     2    High 
FF6ret=[
192607   1.53   0.90   0.09   5.74   1.92   1.35
192608  -0.68   2.25   5.56   2.70   2.72   6.21
192609  -2.48  -0.06  -0.57   1.46   0.05  -0.46
192610  -3.58  -4.60  -1.70  -3.60  -2.36  -4.05
192611   2.72   3.74   2.16   3.30   2.68   3.24
192612   3.07   1.66   3.22   2.82   2.69   2.47
192701  -0.86  -0.04   4.15  -0.18  -0.03   4.37
192702   3.04   7.02   6.33   5.13   3.46   8.53
192703  -2.03  -1.00  -3.27   1.65  -0.06  -2.27
192704  -1.34   0.38   3.92   3.14  -0.81  -0.22
192705   5.39   3.55  13.55   5.41   5.10   7.39
192706  -0.60   0.84  -3.94  -0.91  -2.97  -1.65
192707   3.66   5.14   3.91   8.66   6.75   7.31
192708   2.65  -2.05   1.22   5.10   1.24  -2.01
192709   2.67   2.44  -0.10   5.18   4.38   5.79
192710  -0.11  -2.17  -6.30  -3.81  -4.37  -6.52
192711  10.15   7.72  10.42   7.08   6.76   6.77
192712   5.84   2.85   2.73   2.32   1.98   3.92
192801   3.36   2.97   3.25  -0.29  -0.48  -2.81
192802  -4.99  -1.89  -3.91  -0.66  -1.23  -3.02
192803   7.19   8.92   9.19  12.36   6.16   7.50
192804   4.15  10.71  10.14   3.00   5.92   3.69
192805   7.05   2.45   2.41   2.79  -0.06   0.04
192806  -8.55  -8.38  -6.94  -3.79  -4.02  -5.30
192807  -1.10  -1.10  -0.46   1.43   0.16   0.65
192808   5.03   4.67   3.69   8.63   5.56   5.67
192809   4.26   4.51   6.37   3.62   1.97   4.23
192810   6.03   3.85   1.52   1.21   1.62   0.46
192811   6.65  10.76  12.56  11.13  13.42  11.92
192812   0.17  -1.33  -0.11   0.83   0.11   0.76
192901   0.58   2.15   1.46   6.03   4.88   1.69
192902   0.61   1.41   1.53  -0.63   1.09   0.40
192903  -5.95  -2.98  -4.51  -1.65   2.35  -1.06
192904   0.00   2.42   0.82   2.13   1.37   2.23
192905  -9.65  -9.80 -13.01  -5.61  -4.76  -0.83
192906   1.72  10.07   6.65  12.11   9.36   6.39
192907   0.48  -1.17   2.50   3.54   5.90   5.50
192908  -1.06  -0.09   0.00   7.46  12.52   5.33
192909  -3.48  -4.17  -3.84  -4.56  -4.73  -6.44
192910 -22.51 -18.70 -18.31 -24.07 -13.76 -10.37
192911 -15.38  -9.84 -13.22 -14.15 -10.79  -6.90
192912  -4.54  -2.34  -1.56   3.64   0.70   1.15
193001   8.89   8.58   8.55   6.87   3.13   2.64
193002   3.52   0.84   4.08   3.18   1.66   1.53
193003   9.15  11.40  11.00   6.60   8.40   5.47
193004  -5.75  -1.68  -5.28  -1.92  -2.47  -6.29
193005  -2.57  -2.57  -3.54   0.46  -1.83  -1.83
193006 -18.06 -15.70 -19.10 -17.58 -12.88 -12.34
193007   8.27   3.81   2.48   4.34   3.46   5.06
193008  -3.58  -1.62  -2.55   0.96  -0.50  -1.83
193009 -14.46 -14.23 -18.41 -12.26 -11.14 -17.21
193010 -11.22  -8.97 -10.68  -9.43  -7.19 -11.19
193011  -0.95  -2.24  -1.93  -1.66  -3.64  -6.49
193012 -10.94 -11.52 -17.44  -6.36  -8.82  -9.85
193101  11.15   9.48  17.03   4.55   7.76  13.79
193102  12.28  11.57  16.45  12.55   6.79  12.80
193103  -3.83  -4.12  -6.80  -5.20  -9.58  -8.37
193104 -13.09 -15.02 -17.81  -9.11 -11.06 -11.16
193105  -9.77  -8.62 -13.06 -11.16 -17.38 -20.50
193106   9.78   8.66  19.33  13.03  17.08  24.64
193107  -6.62 -10.31  -5.90  -4.97 -10.10 -13.21
193108  -0.67   0.24  -4.33   0.79  -1.63  -0.50
193109 -27.12 -31.10 -33.06 -28.08 -28.02 -35.45
193110   5.30   8.56   4.82   9.26   3.20  10.63
193111  -6.83  -7.27  -9.30  -6.30 -16.73 -15.94
193112 -14.39 -16.74 -22.15 -11.40 -18.76 -21.55
193201   0.72   6.31  10.71  -3.40   1.84   7.99
193202   3.49   1.95  -0.35   6.88   1.72   0.48
193203 -13.57  -9.14 -11.47  -9.96 -15.36 -14.06
193204 -18.98 -15.45 -18.33 -17.71 -20.06 -20.19
193205 -16.52 -23.84 -17.98 -19.59 -26.01 -26.19
193206   0.52   5.66   0.23  -1.93   0.46   9.35
193207  30.70  35.02  61.33  27.93  48.74  68.25
193208  60.54  55.04  85.24  30.89  50.53  61.66
193209  -2.47  -5.56 -12.00  -1.58  -6.22  -4.87
193210 -15.97 -19.93 -23.29 -10.63 -17.42 -23.26
193211  -2.10  -8.72 -12.67  -2.40  -8.94 -16.36
193212  -8.16  -5.94 -11.02   6.90   1.23  -4.08
193301   0.71   1.45   7.50  -0.04   3.09   9.66
193302 -18.35 -18.16 -21.55 -14.63 -16.40 -17.24
193303   9.13   6.10  17.23   1.10   9.72   6.95
193304  45.37  54.81  57.77  32.55  51.52  56.82
193305  65.63  64.12  71.93  17.04  26.41  41.11
193306  33.77  23.62  17.46  11.57  15.44  22.44
193307 -10.41 -12.88  -8.95  -8.87 -12.96  -9.17
193308   8.49  10.51   8.47  10.64  15.95  18.21
193309  -5.93 -13.66 -21.33  -9.03 -12.14 -20.52
193310  -8.26 -12.05 -13.50  -6.14 -10.83 -18.02
193311   4.75   4.32   5.51   9.60  12.49  13.04
193312   4.81   3.69   1.10   2.38   1.95   3.27
193401  19.45  29.12  37.44  10.49  16.64  25.35
193402  -0.85   1.09   5.83  -2.15  -3.24  -3.81
193403   5.34   1.83  -0.52   0.07  -0.03  -1.32
193404   4.39  -0.43  -2.64  -1.73  -2.32  -4.69
193405  -6.56  -9.63 -12.40  -6.21  -8.31 -14.62
193406   2.75   0.16  -2.07   2.66   2.25   3.07
193407 -19.00 -21.23 -25.12  -8.11 -11.85 -26.11
193408  10.82   8.78  13.01   6.61   4.08   8.14
193409  -2.18   0.25  -3.19  -0.37  -0.20  -0.01
193410  -1.79  -1.53  -3.96  -0.54  -2.91  -7.63
193411  19.20  15.56  12.53  10.48   5.50   8.63
193412   4.41   2.32   0.94   0.87   0.21  -2.23
193501  -6.52  -3.67  -3.10  -2.80  -3.10 -10.65
193502  -4.51  -4.36  -6.07  -0.69  -2.30 -13.45
193503  -5.32  -8.37 -11.24  -3.29  -3.33  -7.01
193504   6.11   9.15  10.18   7.80  10.00  13.91
193505  -1.87   1.96   0.39   3.04   4.62   4.55
193506   3.22   7.33   0.88   5.74   5.69   9.26
193507  12.95  13.28  12.86   6.94   6.24  17.00
193508   5.93   9.15  15.43   2.46   2.25   3.24
193509   5.07   5.42  -1.86   4.46   0.67   1.73
193510   8.11  11.11   8.46   6.99   7.99   5.78
193511   9.71  10.68  19.37   2.85   5.66  14.25
193512   8.19   8.89   3.17   2.92   5.97   8.48
193601  11.59   9.51  22.46   2.73   9.49  12.04
193602   2.86   6.60   5.15   1.92   2.82   7.57
193603   0.90   3.17   0.68   2.80   0.11  -1.45
193604 -15.81 -13.10 -16.65  -6.66  -8.29 -10.18
193605   5.33   4.82   8.75   4.70   5.10   6.65
193606  -2.44   0.09  -1.03   3.64   2.28   0.30
193607  11.62   7.29   8.37   5.62   6.75  11.56
193608   0.10   1.88   3.58   0.39   0.85   4.58
193609   3.86   4.37   4.13   1.51   0.90   0.60
193610   4.84   6.57   5.73   6.21   8.99   8.51
193611  10.70   8.16  12.46   3.73   2.63  -0.06
193612   2.22   2.60   8.20  -2.12   2.31   1.81
193701   6.53   6.94  10.55   3.72   1.54   6.14
193702   3.47   2.12   4.78  -0.20   0.50   9.27
193703  -3.83  -0.21   2.17  -1.80   0.10   6.29
193704  -8.71 -11.25 -14.14  -6.68  -6.17 -11.06
193705   0.14  -1.67  -4.19  -0.28  -0.93  -2.28
193706  -6.62  -7.71  -9.83  -4.18  -2.74  -8.09
193707  11.92   9.26  10.39   9.04   8.17  10.86
193708  -4.86  -5.36  -5.23  -4.29  -4.82  -7.89
193709 -20.93 -20.61 -23.12 -12.02 -12.98 -19.15
193710 -11.94  -9.43  -9.75  -9.79  -7.88 -15.01
193711 -12.07 -11.98 -11.17  -8.74  -7.57  -9.20
193712 -13.14 -10.61 -12.93  -4.09  -3.16  -6.06
193801   5.31   5.91   4.07   1.59  -0.25  -1.61
193802   9.00   5.70   4.75   6.00   5.41   6.28
193803 -30.14 -28.08 -29.85 -22.88 -22.66 -31.93
193804  22.38  20.49  19.90  13.36  14.60  15.09
193805  -7.43  -7.63  -5.62  -3.63  -3.68  -6.26
193806  30.84  29.17  28.51  25.17  21.07  31.69
193807  14.80  14.39  14.17   6.86   7.30   9.04
193808  -5.27  -4.94  -9.08  -0.54  -6.13  -5.25
193809  -2.14  -2.25  -2.37   1.30   0.52  -0.98
193810  16.09  15.37  16.63   6.69   7.42  14.13
193811  -5.46  -2.10  -5.69  -1.12  -2.45  -2.40
193812   5.85   3.64   1.66   3.20   4.44   9.00
193901  -8.05  -9.33  -9.24  -5.18  -6.08 -11.04
193902   2.97   5.31   5.95   3.32   3.16   6.80
193903 -18.48 -18.97 -23.44  -9.71 -13.58 -21.37
193904  -0.45  -0.35   3.19  -0.17  -0.13  -3.23
193905  13.14   9.46  10.60   6.86   5.49   9.24
193906  -7.37  -8.32 -11.52  -4.42  -6.38 -11.35
