% date price dividend p/d  agg_ret_with_dividend 
pddata=[
1926.083	1	0.003432	291.38	0.000724
1926.167	0.96319	0.003432	280.65	-0.033374
1926.250	0.89532	0.0059015	151.71	-0.064341
1926.333	0.92695	0.0027128	341.69	0.038358
1926.417	0.93503	0.0032035	291.87	0.012172
1926.500	0.98129	0.0069276	141.65	0.056888
1926.583	1.007	0.0021392	470.73	0.028365
1926.667	1.032	0.0032576	316.79	0.028065
1926.750	1.0322	0.0058535	176.34	0.00589
1926.833	0.99801	0.0021439	465.51	-0.031066
1926.917	1.02	0.0054771	186.24	0.027547
1927.000	1.0432	0.0078501	132.9	0.030466
1927.083	1.0423	0.0024944	417.84	0.001449
1927.167	1.0858	0.004217	257.48	0.045821
1927.250	1.0861	0.0064432	168.57	0.006245
1927.333	1.0911	0.0022918	476.08	0.006638
1927.417	1.1487	0.004481	256.35	0.056948
1927.500	1.1181	0.0071841	155.64	-0.020372
1927.583	1.2	0.0027238	440.57	0.075659
1927.667	1.2277	0.0047112	260.6	0.02705
1927.750	1.282	0.0059521	215.38	0.049025
1927.833	1.2259	0.0023807	514.94	-0.041894
1927.917	1.3039	0.0062337	209.16	0.068685
1928.000	1.3275	0.007183	184.82	0.023658
1928.083	1.3205	0.0023643	558.49	-0.003541
1928.167	1.2967	0.0046877	276.63	-0.014416
1928.250	1.4084	0.0062568	225.09	0.090905
1928.333	1.4667	0.0025111	584.06	0.043168
1928.417	1.4882	0.0054545	272.83	0.018386
1928.500	1.4133	0.0074006	190.97	-0.045334
1928.583	1.425	0.0025496	558.91	0.010074
1928.667	1.5186	0.0056173	270.34	0.069607
1928.750	1.5612	0.0051555	302.81	0.031445
1928.833	1.588	0.0024791	640.56	0.018801
1928.917	1.7725	0.0081116	218.52	0.12129
1929.000	1.7745	0.0073471	241.52	0.005262
1929.083	1.8641	0.0028481	654.51	0.052099
1929.167	1.8583	0.0054749	339.42	-0.00019
1929.250	1.8361	0.0073625	249.39	-0.007971
1929.333	1.8644	0.0025375	734.74	0.016786
1929.417	1.7466	0.0075302	231.95	-0.059109
1929.500	1.9146	0.0060783	314.99	0.09965
1929.583	1.998	0.0034367	581.37	0.045348
1929.667	2.1623	0.0066953	322.96	0.08558
1929.750	2.0482	0.0059896	341.96	-0.050009
1929.833	1.644	0.0037174	442.25	-0.1955
1929.917	1.4345	0.0068787	208.54	-0.12327
1930.000	1.4523	0.0079644	182.35	0.017974
1930.083	1.5307	0.0038995	392.53	0.05664
1930.167	1.5672	0.0059375	263.94	0.027701
1930.250	1.6783	0.0063956	262.42	0.075027
1930.333	1.6401	0.0031385	522.59	-0.020885
1930.417	1.6124	0.0060144	268.09	-0.013252
1930.500	1.3509	0.0069285	194.98	-0.15787
1930.583	1.4013	0.0032057	437.12	0.039659
1930.667	1.401	0.0060129	233.01	0.00412
1930.750	1.2208	0.0065065	187.63	-0.12401
1930.833	1.1114	0.0031851	348.95	-0.086989
1930.917	1.0782	0.0043601	247.28	-0.02599
1931.000	0.98646	0.0071623	137.73	-0.078419
1931.083	1.0453	0.0028154	371.3	0.062534
1931.167	1.1546	0.0050866	226.99	0.1094
1931.250	1.0748	0.0058146	184.85	-0.064041
1931.333	0.96653	0.0024625	392.5	-0.098484
1931.417	0.83367	0.0043929	189.78	-0.13292
1931.500	0.94285	0.0058307	161.71	0.13796
1931.583	0.87902	0.0025202	348.78	-0.065034
1931.667	0.87706	0.0040206	218.14	0.002348
1931.750	0.61817	0.0044765	138.09	-0.29007
1931.833	0.66491	0.0021988	302.39	0.07916
1931.917	0.60158	0.0043053	139.73	-0.088776
1932.000	0.51636	0.004963	104.04	-0.13341
1932.083	0.50938	0.0014107	361.09	-0.01078
1932.167	0.53435	0.0035606	150.07	0.056004
1932.250	0.47245	0.0037907	124.64	-0.10874
1932.333	0.38646	0.0013224	292.24	-0.17922
1932.417	0.30371	0.0025468	119.25	-0.20752
1932.500	0.29881	0.0033548	89.07	-0.005089
1932.583	0.39886	0.00078319	509.28	0.33745
1932.667	0.54247	0.0023868	227.28	0.36602
1932.750	0.52259	0.0031236	167.31	-0.030885
1932.833	0.45322	0.000821	552.04	-0.13118
1932.917	0.42562	0.0023567	180.6	-0.055696
1933.000	0.44139	0.0037037	119.17	0.045762
1933.083	0.44481	0.00089956	494.48	0.009781
1933.167	0.37583	0.0021315	176.32	-0.1503
1933.250	0.38568	0.0029228	131.95	0.03399
1933.333	0.53283	0.00082342	647.1	0.38368
1933.417	0.64385	0.0018622	345.74	0.21185
1933.500	0.72749	0.0028619	254.2	0.13435
1933.583	0.65688	0.00072022	912.05	-0.096081
1933.667	0.73497	0.0015607	470.91	0.12127
1933.750	0.65515	0.0029112	225.04	-0.10465
1933.833	0.59966	0.00096307	622.66	-0.083225
1933.917	0.65654	0.0030265	216.93	0.099908
1934.000	0.66685	0.0028166	236.76	0.019984
1934.083	0.7521	0.0012883	583.77	0.12978
1934.167	0.7321	0.0024962	293.28	-0.023275
1934.250	0.73256	0.0030382	241.12	0.004782
1934.333	0.71828	0.0011413	629.34	-0.017934
1934.417	0.66514	0.0021498	309.4	-0.070987
1934.500	0.67895	0.00292	232.52	0.025152
1934.583	0.60417	0.0012968	465.89	-0.10824
1934.667	0.63703	0.0031568	201.8	0.059615
1934.750	0.63241	0.0027125	233.15	-0.002997
1934.833	0.61914	0.0010549	586.94	-0.019316
1934.917	0.66826	0.0029242	228.53	0.084073
1935.000	0.66736	0.0035084	190.22	0.003899
1935.083	0.64412	0.0013461	478.52	-0.032808
1935.167	0.62944	0.0026956	233.5	-0.018599
1935.250	0.603	0.0031327	192.48	-0.037041
1935.333	0.6557	0.0010607	618.19	0.089162
1935.417	0.67601	0.002489	271.6	0.034776
1935.500	0.71025	0.0031286	227.02	0.055268
1935.583	0.76131	0.0012479	610.07	0.073647
1935.667	0.77837	0.0028313	274.92	0.026128
1935.750	0.7952	0.0033049	240.61	0.025872
1935.833	0.85057	0.0013638	623.69	0.071339
1935.917	0.89034	0.0043319	205.53	0.051857
1936.000	0.9275	0.0038872	238.6	0.046096
1936.083	0.98694	0.0018457	534.72	0.06608
1936.167	1.0092	0.0030723	328.49	0.025699
1936.250	1.0154	0.0033385	304.14	0.009417
1936.333	0.93239	0.0012692	734.6	-0.080497
1936.417	0.97508	0.0041948	232.45	0.050286
1936.500	0.99667	0.0037541	265.49	0.025993
1936.583	1.0593	0.001782	594.44	0.064638
1936.667	1.0662	0.0045519	234.24	0.010813
1936.750	1.0774	0.0041263	261.1	0.014343
1936.833	1.15	0.0017874	643.42	0.069087
1936.917	1.1781	0.010179	115.74	0.033293
1937.000	1.1734	0.0071784	163.46	0.002066
1937.083	1.2098	0.001773	682.34	0.032524
1937.167	1.2221	0.0034769	351.48	0.013041
1937.250	1.2135	0.0042626	284.68	-0.003535
1937.333	1.1219	0.0015181	739.02	-0.074236
1937.417	1.1069	0.0053997	204.99	-0.008563
1937.500	1.0559	0.0049644	212.69	-0.041592
1937.583	1.1479	0.0018024	636.89	0.088881
1937.667	1.0871	0.0050165	216.71	-0.04862
1937.750	0.93492	0.0049876	187.45	-0.1354
1937.833	0.84484	0.0015697	538.2	-0.094675
1937.917	0.76395	0.010146	75.299	-0.083731
1938.000	0.72651	0.0068045	106.77	-0.040104
1938.083	0.73075	0.0013012	561.6	0.007625
1938.167	0.77007	0.0029654	259.69	0.057866
1938.250	0.58387	0.0035878	162.74	-0.23713
1938.333	0.66771	0.0011964	558.12	0.14564
1938.417	0.63846	0.0030581	208.78	-0.03923
1938.500	0.78575	0.0034305	229.05	0.23606
1938.583	0.84097	0.0012517	671.86	0.071869
1938.667	0.81527	0.0028265	288.44	-0.027202
1938.750	0.81907	0.0031698	258.4	0.008559
1938.833	0.88156	0.001281	688.16	0.077848
1938.917	0.86102	0.0043857	196.32	-0.018317
1939.000	0.89169	0.0046478	191.85	0.041013
1939.083	0.83734	0.0011966	699.74	-0.059613
1939.167	0.8632	0.0033828	255.17	0.034935
1939.250	0.75688	0.0033958	222.88	-0.11924
1939.333	0.75389	0.0012261	614.84	-0.002334
1939.417	0.80216	0.003541	226.53	0.068729
1939.500	0.75615	0.0036282	208.41	-0.052833
1939.583	0.83182	0.0012749	652.48	0.10176
1939.667	0.77309	0.003739	206.76	-0.06611
1939.750	0.89305	0.0034511	258.77	0.15963
1939.833	0.88844	0.0011753	755.96	-0.003843
1939.917	0.84812	0.0076441	110.95	-0.036778
1940.000	0.86813	0.0057214	151.73	0.030342
1940.083	0.84598	0.0013022	649.65	-0.02402
1940.167	0.85336	0.0041741	204.44	0.013664
1940.250	0.86612	0.0034109	253.93	0.018939
1940.333	0.86553	0.0016231	533.26	0.001196
1940.417	0.66973	0.0051127	130.99	-0.22031
1940.500	0.71057	0.0038007	186.96	0.066664
1940.583	0.73205	0.0014233	514.34	0.03223
1940.667	0.74474	0.0048535	153.44	0.023962
1940.750	0.75827	0.0036232	209.28	0.023028
1940.833	0.77926	0.0015287	509.77	0.029705
1940.917	0.7587	0.0078261	96.944	-0.016348
1941.000	0.758	0.0058609	129.33	0.006811
1941.083	0.7261	0.0011984	605.89	-0.040505
1941.167	0.71089	0.0044408	160.08	-0.014839
